1 0.719688 0.320833 0.066875 0.128333
0 0.145000 0.525000 0.218750 0.460000
0 0.288438 0.232917 0.056875 0.127500
0 0.270937 0.107917 0.060625 0.092500
0 0.430625 0.315833 0.051250 0.105000
0 0.439688 0.208750 0.053125 0.095833
0 0.370312 0.179167 0.048125 0.121667
0 0.495312 0.169167 0.048125 0.111667
0 0.649687 0.307917 0.053125 0.120833
0 0.930312 0.434167 0.065625 0.111667
0 0.592812 0.185833 0.050625 0.085000
0 0.584688 0.285833 0.041875 0.091667
0 0.539375 0.272083 0.036250 0.072500
0 0.440937 0.101667 0.038125 0.086667
0 0.825000 0.340000 0.045000 0.110000
0 0.873437 0.364583 0.035625 0.104167
