1 0.668125 0.449167 0.045000 0.106667
0 0.106250 0.517500 0.197500 0.415000
0 0.310937 0.491667 0.044375 0.103333
0 0.302500 0.379583 0.045000 0.075833
0 0.892813 0.494583 0.080625 0.122500
0 0.815937 0.469167 0.060625 0.086667
0 0.738750 0.345000 0.053750 0.091667
0 0.596875 0.457500 0.050000 0.093333
0 0.535937 0.465000 0.046875 0.096667
0 0.418438 0.424167 0.054375 0.078333
0 0.369063 0.406250 0.043125 0.075833
0 0.419687 0.337917 0.038125 0.064167
0 0.467813 0.379583 0.041875 0.079167
0 0.568125 0.365833 0.043750 0.068333
0 0.512500 0.343750 0.045000 0.087500
0 0.760625 0.444583 0.043750 0.090833
